D = [9.15136528 0.18915695 0.58662600
9.18009757 0.23943917 0.56028766
9.18009757 0.23943917 0.56028766
9.15136528 0.19394571 0.60099229
9.14657592 0.19634010 0.59620351
9.10826587 0.20831208 0.61535863
9.10826587 0.20831208 0.61535863
9.15136528 0.22986159 0.66803526
9.13939285 0.20112891 0.69916238
9.13460445 0.19394571 0.60578107
9.10587120 0.21310086 0.60099229
9.11544895 0.23943917 0.56747083
9.13460445 0.22028403 0.54592132
9.11305522 0.21310086 0.64648575
9.15136528 0.21070647 0.64169697
9.14178752 0.22267842 0.58662600
9.12023830 0.22507281 0.67042965
9.12023830 0.22507281 0.67042965
9.15375900 0.22267842 0.58183717
9.13220977 0.24422793 0.57225961
9.11784362 0.25380551 0.71592311
9.11784362 0.25380551 0.71592311
9.10347747 0.18915695 0.56507639
9.14897060 0.19634010 0.73507828
9.15136528 0.24662234 0.71831750
9.12263202 0.25859429 0.63451380
9.12263202 0.25859429 0.63451380
9.20643615 0.24901673 0.56986522
9.06277275 0.17000180 0.61775302
9.12502670 0.26098868 0.66803526
9.15615367 0.26577746 0.58902034
9.14897060 0.23225598 0.63930253
9.06037807 0.26098868 0.61056990
9.06037807 0.26098868 0.61056990
9.09868812 0.21070647 0.73507828
9.21840763 0.25859429 0.62972502
9.12263202 0.22267842 0.63451380
9.07953357 0.26577746 0.59380912
9.16094303 0.22986159 0.62733058
9.11544895 0.25859429 0.57944278
9.14897060 0.22267842 0.60578107
9.09150505 0.24183356 0.71113433
9.09150505 0.24662234 0.61535863
9.16333675 0.19634010 0.59620351
9.11544895 0.29690456 0.54592132
9.11544895 0.29690456 0.54592132
9.18009757 0.31127092 0.59620351
9.10587120 0.24183356 0.64409136
9.11784362 0.29690456 0.55310444
9.10826587 0.23704478 0.64169697
9.12981510 0.23465039 0.58183717
9.18967533 0.20591769 0.71592311
9.18967533 0.20591769 0.71592311
9.18488693 0.21070647 0.58902034
9.15854835 0.28732700 0.60578107
9.12742137 0.28493261 0.67761282
9.12981510 0.22746720 0.61775302
9.12981510 0.26577746 0.60338668
9.15136528 0.25380551 0.63930253
9.18967533 0.25859429 0.61056990
9.14178752 0.28253820 0.53394937
9.12502670 0.19873451 0.53394937
9.08911132 0.22028403 0.59141473
9.12263202 0.25619988 0.61056990
9.09389972 0.25380551 0.58662600
9.09389972 0.25380551 0.58662600
9.14897060 0.22746720 0.64888010
9.22319698 0.26817188 0.62014746
9.10826587 0.24662234 0.51239976
9.14178752 0.24901673 0.61296424
9.14178752 0.24901673 0.61296424
9.12023830 0.22028403 0.69437360
9.12981510 0.24662234 0.62972502
9.12023830 0.28732700 0.60578107
9.11544895 0.23465039 0.59620351
9.13460445 0.29929897 0.65845770
9.14418220 0.25380551 0.67761282
9.11544895 0.19634010 0.61535863
9.15136528 0.23225598 0.60578107
9.16573143 0.18676256 0.59141473
9.10108280 0.24901673 0.60817551
9.18249225 0.23465039 0.58662600
9.09150505 0.21070647 0.63690814
9.12502670 0.22267842 0.65127458
9.11066055 0.21070647 0.59620351
9.10826587 0.27774944 0.60578107
9.11784362 0.21310086 0.57225961
9.11784362 0.17479059 0.55549888
9.12742137 0.28014383 0.62014746
9.17051982 0.23225598 0.68719043
9.08671665 0.24183356 0.58183717
9.18009757 0.19155132 0.56268205
9.14178752 0.24901673 0.60338668
9.13460445 0.24662234 0.65127458
9.07953357 0.25380551 0.61535863
9.06037807 0.26817188 0.60578107
9.15375900 0.20831208 0.68479604
9.16812610 0.22507281 0.74226140
9.12502670 0.24662234 0.65366892
9.12502670 0.24662234 0.65366892
9.15136528 0.26338310 0.65606331
9.11784362 0.26817188 0.60338668
9.19207000 0.20831208 0.59380912
9.10587120 0.19394571 0.57225961
9.11066055 0.22746720 0.64169697
9.11066055 0.22746720 0.64169697
9.15615367 0.21788964 0.63451380
9.18488693 0.29211578 0.69916238
9.09150505 0.24901673 0.65366892
9.17291450 0.17957937 0.61535863
9.08911132 0.18915695 0.63930253
9.12263202 0.25619988 0.65845770
9.12981510 0.19155132 0.64648575
9.13939285 0.21310086 0.63451380
9.17530918 0.23704478 0.67282409
9.12023830 0.23465039 0.68479604
9.13220977 0.28253820 0.51718859
9.13699913 0.26098868 0.65845770
9.19446372 0.24183356 0.70155673
9.16094303 0.21070647 0.61775302
9.14657592 0.24901673 0.64648575
9.10108280 0.24662234 0.49324469
9.08671665 0.20591769 0.65366892
9.17291450 0.23704478 0.70634555
9.14657592 0.23704478 0.68719043
9.14657592 0.23704478 0.68719043
9.17770290 0.23704478 0.55549888
9.13699913 0.21070647 0.57944278
9.11544895 0.19873451 0.63451380
9.04840660 0.23465039 0.62733058
9.10347747 0.23943917 0.64648575
9.14657592 0.24422793 0.53394937
9.13220977 0.23704478 0.64648575
9.13699913 0.27774944 0.68000721
9.13699913 0.27774944 0.68000721
9.11066055 0.21788964 0.62014746
9.15615367 0.24422793 0.61056990
9.14657592 0.20591769 0.60099229
9.14178752 0.23704478 0.58902034
9.19446372 0.24422793 0.63211941
9.18009757 0.25141115 0.62733058
9.18009757 0.25141115 0.62733058
9.14897060 0.24901673 0.59141473
9.09150505 0.23465039 0.69197916
9.13220977 0.26098868 0.66085214
9.05798339 0.18436815 0.56986522
9.18009757 0.21788964 0.56268205
9.13699913 0.18915695 0.62972502
9.09629440 0.29690456 0.65606331
9.16573143 0.19634010 0.63690814
9.08911132 0.24422793 0.63930253
9.11305522 0.22507281 0.64648575
9.11305522 0.22507281 0.64648575
9.13460445 0.24662234 0.60817551
9.12263202 0.25141115 0.59859795
9.09389972 0.25619988 0.59620351
9.09389972 0.25619988 0.59620351
9.14657592 0.26338310 0.61775302
9.13460445 0.20112891 0.69197916
9.13699913 0.22986159 0.62014746
9.11305522 0.20591769 0.62972502
9.16333675 0.20591769 0.62014746
9.18249225 0.27774944 0.56507639
9.11544895 0.24901673 0.55789327
9.12023830 0.19873451 0.59141473
9.13460445 0.27056624 0.54592132
9.13220977 0.23943917 0.55789327
9.11066055 0.24662234 0.56028766
9.13699913 0.21788964 0.58423156
9.08911132 0.22028403 0.50282230
9.14897060 0.18436815 0.60099229
9.02206802 0.20591769 0.60817551
9.02206802 0.20591769 0.60817551
9.18009757 0.25859429 0.54831571
9.16812610 0.23943917 0.61535863
9.16094303 0.29211578 0.56507639
9.22798538 0.24183356 0.62014746
9.12981510 0.20831208 0.57704839
9.12981510 0.20831208 0.57704839
9.14418220 0.19873451 0.59380912
9.10587120 0.27296066 0.58902034
9.09389972 0.19634010 0.67282409
9.11784362 0.24662234 0.54113249
9.11784362 0.24662234 0.54113249
9.09389972 0.27056624 0.62014746
9.16333675 0.22267842 0.67521848
9.12023830 0.23465039 0.57944278
9.12023830 0.23465039 0.57944278
9.19685840 0.23465039 0.63211941
9.06516647 0.22986159 0.68719043
9.18249225 0.26817188 0.70155673
9.18249225 0.26817188 0.70155673
9.17770290 0.19634010 0.62014746
9.10347747 0.20831208 0.64888010
9.13699913 0.19873451 0.57704839
9.16333675 0.27056624 0.58183717
9.13939285 0.24422793 0.58902034
9.10826587 0.24662234 0.53155493
9.17530918 0.21549525 0.61775302
9.13220977 0.26817188 0.63451380
9.11544895 0.23943917 0.62972502
9.18009757 0.19394571 0.59620351
9.11784362 0.27774944 0.63451380
9.13220977 0.20352330 0.62733058
9.13220977 0.23943917 0.64648575
9.08911132 0.25380551 0.58423156
9.12502670 0.25859429 0.67042965
9.12263202 0.23225598 0.70873994
9.12263202 0.23225598 0.70873994
9.11066055 0.18436815 0.59859795
9.18249225 0.18676256 0.56986522
9.12742137 0.29929897 0.66803526
9.14897060 0.25141115 0.52676620
9.14657592 0.24422793 0.55310444
9.07474422 0.22746720 0.70873994
9.12023830 0.22507281 0.66803526
9.08911132 0.24183356 0.56747083
9.08911132 0.24183356 0.56747083
9.11305522 0.25859429 0.65606331
9.13939285 0.22986159 0.69916238
9.13460445 0.25380551 0.71113433
9.10826587 0.23704478 0.55549888
9.09389972 0.27774944 0.62254185
9.13220977 0.25380551 0.63930253
9.10826587 0.27056624 0.66324653
9.19925308 0.23704478 0.62254185
9.11066055 0.22746720 0.56268205
9.11544895 0.26098868 0.60099229
9.16812610 0.20831208 0.55549888
9.11784362 0.20831208 0.63690814
9.18009757 0.25380551 0.73028945
9.08911132 0.21788964 0.70873994
9.16094303 0.24422793 0.64888010
9.14897060 0.24183356 0.62254185
9.20883083 0.21310086 0.64648575
9.15375900 0.22986159 0.70395116
9.12502670 0.23943917 0.63690814
9.12502670 0.23943917 0.63690814
9.10587120 0.27774944 0.58902034
9.13699913 0.20352330 0.64169697
9.12263202 0.26098868 0.71831750
9.13699913 0.26577746 0.57704839
