D = [-10.40842056 0.21310086 0.62972502
-10.40842056 0.21310086 0.62972502
-10.44194221 0.23465039 0.59620351
-10.45391368 0.23465039 0.67282409
-10.42039299 0.20831208 0.70155673
-10.35813808 0.26098868 0.58902034
-10.37729358 0.24422793 0.67042965
-10.42518138 0.28972139 0.58183717
-10.42518138 0.25380551 0.60578107
-10.40123748 0.18436815 0.66803526
-10.42757606 0.21788964 0.64648575
-10.40842056 0.22507281 0.58423156
-10.40363216 0.25380551 0.62493619
-10.41560363 0.17957937 0.67521848
-10.37489891 0.24901673 0.73747262
-10.48983001 0.24901673 0.65606331
-10.45630836 0.21788964 0.66803526
-10.41560363 0.25380551 0.65366892
-10.38447666 0.25380551 0.60578107
-10.40842056 0.29929897 0.59620351
-10.40842056 0.29929897 0.59620351
-10.39884281 0.22986159 0.58183717
-10.40123748 0.24901673 0.58183717
-10.40842056 0.27296066 0.62972502
-10.40842056 0.27296066 0.62972502
-10.42278671 0.19155132 0.58423156
-10.40123748 0.23943917 0.51239976
-10.40123748 0.23943917 0.51239976
-10.40363216 0.26577746 0.63690814
-10.46349143 0.27296066 0.60338668
-10.40602588 0.26577746 0.49324469
-10.41081523 0.21310086 0.73986701
-10.41560363 0.25859429 0.62014746
-10.47785758 0.23943917 0.66324653
-10.38687133 0.22986159 0.56268205
-10.38687133 0.25380551 0.61056990
-10.40363216 0.21070647 0.59859795
-10.40363216 0.25859429 0.61296424
-10.45151996 0.22507281 0.62733058
-10.45151996 0.22507281 0.62733058
-10.43236446 0.23943917 0.59620351
-10.45630836 0.17000180 0.50521664
-10.36532115 0.24901673 0.62972502
-10.41320991 0.25619988 0.61775302
-10.39644908 0.20352330 0.62972502
-10.37968826 0.23943917 0.55549888
-10.39884281 0.26817188 0.57465400
-10.39405441 0.28493261 0.62014746
-10.39405441 0.28493261 0.62014746
-10.41081523 0.26338310 0.52437181
-10.41560363 0.22986159 0.71352872
-10.47785758 0.26098868 0.61535863
-10.40123748 0.23704478 0.68000721
-10.40123748 0.23704478 0.68000721
-10.44194221 0.20831208 0.57704839
-10.43715381 0.26098868 0.57704839
-10.43475914 0.20831208 0.69916238
-10.41320991 0.24422793 0.65606331
-10.44433689 0.24901673 0.65127458
-10.41081523 0.21310086 0.59620351
-10.37250518 0.22986159 0.57225961
-10.40602588 0.23225598 0.61296424
-10.40602588 0.23225598 0.61296424
-10.36532115 0.27535505 0.60817551
-10.35813808 0.24662234 0.54592132
-10.42518138 0.20591769 0.56268205
-10.40363216 0.26817188 0.74705023
-10.44433689 0.25141115 0.61775302
-10.38926601 0.23704478 0.59380912
-10.43715381 0.21070647 0.56747083
-10.42757606 0.21788964 0.68958477
-10.42996978 0.18197376 0.50042781
-10.42996978 0.18197376 0.50042781
-10.40123748 0.20831208 0.61056990
-10.34616661 0.21788964 0.68958477
-10.38208198 0.23943917 0.57465400
-10.38208198 0.22986159 0.64409136
-10.41799831 0.27535505 0.60578107
-10.43715381 0.21070647 0.64648575
-10.42996978 0.23943917 0.67761282
-10.40123748 0.26577746 0.67521848
-10.38447666 0.17718498 0.57225961
-10.38208198 0.24901673 0.63930253
-10.32701110 0.24901673 0.65366892
-10.39644908 0.22028403 0.55549888
-10.40602588 0.25619988 0.66324653
-10.40123748 0.25141115 0.64648575
-10.43954753 0.30648212 0.64169697
-10.42518138 0.26338310 0.57465400
-10.45391368 0.19634010 0.55789327
-10.38926601 0.18436815 0.57704839
-10.41799831 0.28014383 0.66803526
-10.42518138 0.23704478 0.64648575
-10.41320991 0.21788964 0.65606331
-10.40602588 0.21549525 0.53394937
-10.38447666 0.24183356 0.67521848
-10.39405441 0.28732700 0.62493619
-10.41081523 0.20591769 0.63690814
-10.40123748 0.23943917 0.63451380
-10.40123748 0.23943917 0.63451380
-10.35813808 0.22507281 0.67521848
-10.40123748 0.23704478 0.66564087
-10.41320991 0.27774944 0.63211941
-10.46109771 0.20112891 0.71592311
-10.40602588 0.22267842 0.53873815
-10.45630836 0.16760741 0.69916238
-10.44194221 0.30169334 0.69916238
-10.43236446 0.23465039 0.70395116
-10.37250518 0.20831208 0.58902034
-10.42757606 0.25380551 0.61535863
-10.42757606 0.27056624 0.58183717
-10.45151996 0.26098868 0.65606331
-10.41320991 0.29690456 0.57944278
-10.40602588 0.22267842 0.56507639
-10.39644908 0.23225598 0.80451564
-10.39644908 0.23225598 0.80451564
-10.46828079 0.24422793 0.59620351
-10.37250518 0.24901673 0.61056990
-10.34856128 0.25619988 0.62014746
-10.37489891 0.22507281 0.60578107
-10.41081523 0.25141115 0.65366892
-10.36532115 0.28972139 0.65127458
-10.36532115 0.28972139 0.65127458
-10.36053276 0.21788964 0.74226140
-10.37489891 0.15563546 0.60578107
-10.45870304 0.24422793 0.64888010
-10.38208198 0.25859429 0.56986522
-10.35334968 0.21549525 0.64409136
-10.39644908 0.24662234 0.66564087
-10.48983001 0.21070647 0.58183717
-10.38926601 0.23465039 0.63211941
-10.48264694 0.24901673 0.71352872
-10.39644908 0.19634010 0.84043149
-10.37729358 0.29211578 0.58423156
-10.37011051 0.24662234 0.68719043
-10.38926601 0.23704478 0.62254185
-10.37250518 0.23465039 0.60338668
-10.38447666 0.26577746 0.65606331
-10.32701110 0.26817188 0.56268205
-10.45151996 0.22507281 0.62254185
-10.35574436 0.20831208 0.59859795
-10.46588611 0.24662234 0.69197916
-10.42996978 0.15563546 0.56986522
-10.40123748 0.21788964 0.57944278
-10.47785758 0.30408775 0.58902034
-10.43715381 0.21310086 0.69916238
-10.40123748 0.21070647 0.65127458
-10.39884281 0.21070647 0.56268205
-10.38687133 0.21788964 0.60338668
-10.38687133 0.21788964 0.60338668
-10.39405441 0.26338310 0.62014746
-10.42039299 0.27056624 0.52197737
-10.33898353 0.23704478 0.56747083
-10.43954753 0.24901673 0.56747083
-10.44194221 0.22028403 0.67761282
-10.32461738 0.20831208 0.55310444
-10.32461738 0.20831208 0.55310444
-10.40602588 0.20831208 0.57225961
-10.42757606 0.25859429 0.65606331
-10.43236446 0.21788964 0.59141473
-10.33180046 0.20591769 0.71352872
-10.44673061 0.30169334 0.69916238
-10.39405441 0.21310086 0.62014746
-10.38926601 0.22507281 0.60578107
-10.41799831 0.23943917 0.65366892
-10.47067451 0.25380551 0.63690814
-10.37011051 0.23225598 0.66324653
-10.45391368 0.24422793 0.55310444
-10.41320991 0.25141115 0.67761282
-10.43954753 0.20831208 0.70155673
-10.41799831 0.21788964 0.66085214
-10.44433689 0.22507281 0.70395116
-10.38926601 0.28732700 0.60578107
-10.39884281 0.27774944 0.68479604
-10.37011051 0.29211578 0.63930253
-10.44673061 0.14126910 0.58902034
-10.39405441 0.21070647 0.70634555
-10.38926601 0.22986159 0.62493619
-10.39644908 0.19634010 0.65606331
-10.38208198 0.24662234 0.62972502
-10.47546386 0.20831208 0.70395116
-10.40602588 0.22986159 0.64888010
-10.36771583 0.20831208 0.63690814
-10.44194221 0.27296066 0.65366892
-10.43475914 0.29211578 0.69916238
-10.43475914 0.29211578 0.69916238
-10.44673061 0.20591769 0.70155673
-10.40602588 0.21070647 0.66085214
-10.39165973 0.23225598 0.62493619
-10.37968826 0.21549525 0.64169697
-10.42278671 0.22507281 0.68240165
-10.35574436 0.22267842 0.59141473
-10.46828079 0.23943917 0.60099229
-10.44673061 0.24183356 0.63451380
-10.40842056 0.26817188 0.70155673
-10.37011051 0.22028403 0.62493619
-10.37250518 0.20112891 0.62972502
-10.37250518 0.20112891 0.62972502
-10.45151996 0.23704478 0.52197737
-10.38926601 0.21549525 0.67521848
-10.43475914 0.28014383 0.55549888
-10.41799831 0.25380551 0.58423156
-10.36292743 0.30169334 0.67761282
-10.39644908 0.21070647 0.65845770
-10.39644908 0.21788964 0.62972502
-10.44194221 0.24662234 0.65606331
-10.41560363 0.25859429 0.70155673
-10.40602588 0.23704478 0.63211941
-10.43715381 0.23943917 0.62493619
-10.39165973 0.24422793 0.63930253
-10.41081523 0.28014383 0.62733058
-10.44912528 0.26338310 0.69916238
-10.39405441 0.19873451 0.69437360
-10.40363216 0.21310086 0.59380912
-10.44673061 0.27535505 0.65366892
-10.42996978 0.22028403 0.65127458
-10.41560363 0.26817188 0.67042965
-10.46349143 0.24422793 0.64409136
-10.38447666 0.18915695 0.74705023
-10.40123748 0.19394571 0.62254185
-10.40602588 0.19394571 0.63930253
-10.39884281 0.25141115 0.58423156
-10.44194221 0.21788964 0.64409136
-10.44433689 0.21070647 0.69437360
-10.38926601 0.19155132 0.56028766
-10.37011051 0.25380551 0.61056990
-10.39884281 0.25141115 0.68479604
-10.39884281 0.25141115 0.68479604
