D = [   -0.55310444 -9.44587516 0.54592132
        -0.62493619 -9.45305824 0.60817551
        -0.60099229 -9.45305824 0.52916054
        -0.57225961 -9.42671966 0.58183717
        -0.52676620 -9.44826984 0.56028766
        -0.57225961 -9.47939682 0.53394937
        -0.50761103 -9.46263599 0.48127274
        -0.50761103 -9.46263599 0.56747083
        -0.55071010 -9.51770687 0.55549888
        -0.55071010 -9.50334072 0.53873815
        -0.54592132 -9.43150901 0.62014746
        -0.56986522 -9.45305824 0.61535863
        -0.64169697 -9.47700214 0.67521848
        -0.55310444 -9.50094604 0.67282409
        -0.53155493 -9.49376296 0.57944278
        -0.56986522 -9.50094604 0.58902034
        -0.57225961 -9.41474819 0.57704839
        -0.60099229 -9.47460746 0.60578107
        -0.60099229 -9.47460746 0.60578107
        -0.54113249 -9.44826984 0.61535863
        -0.58423156 -9.43150901 0.62493619
        -0.54113249 -9.48657989 0.57944278
        -0.57704839 -9.50573539 0.57944278
        -0.56028766 -9.46742439 0.56028766
        -0.58662600 -9.50094604 0.60817551
        -0.54352688 -9.48179149 0.46451196
        -0.59141473 -9.46263599 0.56507639
        -0.51958298 -9.53925609 0.60099229
        -0.55789327 -9.41953659 0.60817551
        -0.60338668 -9.47221374 0.51958298
        -0.60338668 -9.47221374 0.51958298
        -0.58662600 -9.47939682 0.53155493
        -0.54592132 -9.45784759 0.49085030
        -0.57465400 -9.44826984 0.62733058
        -0.59141473 -9.45066356 0.68000721
        -0.58662600 -9.46742439 0.59620351
        -0.62254185 -9.45305824 0.54113249
        -0.57225961 -9.48179149 0.45972318
        -0.52197737 -9.49376296 0.48606152
        -0.53394937 -9.45545291 0.57944278
        -0.53394937 -9.45545291 0.57944278
        -0.60578107 -9.42671966 0.56507639
        -0.60099229 -9.51531219 0.56268205
        -0.51479425 -9.49615764 0.67042965
        -0.58423156 -9.48657989 0.59141473
        -0.58423156 -9.48657989 0.59141473
        -0.46930079 -9.44587516 0.58183717
        -0.53155493 -9.46742439 0.62493619
        -0.53394937 -9.45784759 0.41901855
        -0.50042781 -9.51052379 0.60338668
        -0.54352688 -9.46263599 0.61056990
        -0.51239976 -9.52488994 0.56507639
        -0.56747083 -9.43869209 0.63451380
        -0.55549888 -9.48179149 0.56986522
        -0.59620351 -9.50573539 0.54113249
        -0.59859795 -9.51291847 0.54113249
        -0.56507639 -9.43150901 0.56986522
        -0.60578107 -9.48897457 0.49803347
        -0.59141473 -9.46024131 0.52437181
        -0.61296424 -9.44108676 0.56268205
        -0.55310444 -9.43390369 0.57225961
        -0.55310444 -9.45784759 0.47887835
        -0.55071010 -9.45066356 0.61775302
        -0.57704839 -9.42193126 0.58183717
        -0.52916054 -9.46024131 0.55789327
        -0.58662600 -9.47939682 0.61056990
        -0.50761103 -9.48179149 0.65606331
        -0.58902034 -9.44587516 0.54592132
        -0.52916054 -9.44348049 0.56028766
        -0.50042781 -9.41474819 0.51958298
        -0.58183717 -9.47939682 0.56507639
        -0.58902034 -9.42671966 0.44535684
        -0.57465400 -9.50573539 0.62493619
        -0.55549888 -9.44108676 0.61056990
        -0.56268205 -9.45066356 0.56986522
        -0.60338668 -9.44587516 0.52437181
        -0.59859795 -9.48897457 0.56268205
        -0.50761103 -9.43869209 0.65366892
        -0.62254185 -9.46503067 0.59141473
        -0.57944278 -9.47460746 0.49085030
        -0.54113249 -9.47700214 0.68479604
        -0.54113249 -9.47700214 0.68479604
        -0.59620351 -9.44348049 0.57704839
        -0.58183717 -9.51770687 0.57225961
        -0.58662600 -9.49615764 0.62014746
        -0.55549888 -9.41953659 0.66803526
        -0.55549888 -9.41953659 0.66803526
        -0.57704839 -9.55122852 0.55549888
        -0.58183717 -9.48179149 0.52676620
        -0.53155493 -9.46742439 0.61775302
        -0.52916054 -9.48897457 0.60338668
        -0.52437181 -9.46263599 0.56507639
        -0.56028766 -9.43150901 0.46690635
        -0.61296424 -9.47460746 0.47648391
        -0.54592132 -9.45066356 0.53394937
        -0.53873815 -9.45545291 0.61056990
        -0.56986522 -9.46263599 0.52197737
        -0.56747083 -9.41235351 0.55071010
        -0.57225961 -9.44108676 0.48366713
        -0.57704839 -9.43150901 0.66803526
        -0.60099229 -9.45784759 0.48606152
        -0.54352688 -9.41474819 0.62014746
        -0.57944278 -9.44826984 0.66085214
        -0.55789327 -9.50812911 0.59141473
        -0.55071010 -9.47460746 0.64888010
        -0.56268205 -9.52249622 0.55310444
        -0.56747083 -9.48657989 0.55549888
        -0.53155493 -9.48418521 0.52197737
        -0.56028766 -9.51052379 0.61775302
        -0.53634376 -9.42193126 0.54352688
        -0.55071010 -9.43150901 0.56747083
        -0.56747083 -9.46503067 0.51958298
        -0.61296424 -9.43629741 0.51000542
        -0.61775302 -9.47939682 0.63451380
        -0.55071010 -9.44826984 0.49324469
        -0.52676620 -9.44826984 0.51718859
        -0.55789327 -9.48657989 0.64409136
        -0.57465400 -9.48897457 0.56507639
        -0.58423156 -9.46742439 0.66564087
        -0.55071010 -9.48657989 0.54831571
        -0.55549888 -9.52249622 0.46451196
        -0.55071010 -9.52488994 0.47408957
        -0.55310444 -9.48179149 0.54113249
        -0.57944278 -9.49136829 0.64169697
        -0.58662600 -9.48657989 0.65366892
        -0.53634376 -9.49376296 0.55310444
        -0.56268205 -9.47700214 0.49563908
        -0.59620351 -9.48657989 0.51958298
        -0.57704839 -9.43150901 0.57704839
        -0.52437181 -9.40756511 0.53155493
        -0.56507639 -9.45305824 0.67042965
        -0.56268205 -9.43390369 0.54352688
        -0.56747083 -9.44826984 0.61535863
        -0.61056990 -9.45784759 0.53634376
        -0.53634376 -9.42911434 0.59620351
        -0.58423156 -9.46263599 0.50042781
        -0.54352688 -9.50573539 0.57944278
        -0.59380912 -9.48179149 0.59620351
        -0.54352688 -9.44587516 0.61296424
        -0.54352688 -9.44587516 0.61296424
        -0.57944278 -9.44348049 0.57225961
        -0.60099229 -9.44587516 0.59141473
        -0.54831571 -9.47460746 0.51958298
        -0.57225961 -9.45784759 0.53155493
        -0.54113249 -9.46981906 0.58423156
        -0.54352688 -9.48418521 0.64409136
        -0.60099229 -9.46263599 0.54831571
        -0.59380912 -9.45545291 0.65127458
        -0.57944278 -9.44587516 0.59620351
        -0.50042781 -9.42911434 0.54592132
        -0.62014746 -9.48897457 0.57225961
        -0.56507639 -9.46024131 0.61296424
        -0.59620351 -9.43150901 0.63690814
        -0.56268205 -9.50812911 0.60578107
        -0.59859795 -9.46742439 0.62733058
        -0.65606331 -9.45784759 0.64409136
        -0.57704839 -9.46503067 0.57225961
        -0.62254185 -9.48897457 0.54113249
        -0.62254185 -9.48897457 0.54113249
        -0.52437181 -9.45784759 0.60338668
        -0.61535863 -9.46742439 0.62493619
        -0.53873815 -9.46024131 0.60099229
        -0.57465400 -9.48897457 0.59380912
        -0.57225961 -9.46024131 0.52676620
        -0.57704839 -9.41235351 0.50521664
        -0.58423156 -9.47460746 0.60578107
        -0.55789327 -9.49376296 0.53873815
        -0.56268205 -9.46981906 0.52437181
        -0.56028766 -9.46981906 0.52676620
        -0.53634376 -9.50094604 0.50521664
        -0.53634376 -9.50094604 0.50521664
        -0.52437181 -9.39798736 0.63690814
        -0.56507639 -9.43150901 0.65366892
        -0.53155493 -9.50812911 0.56507639
        -0.56747083 -9.52010154 0.46211757
        -0.56268205 -9.51052379 0.59859795
        -0.56986522 -9.49136829 0.64888010
        -0.53634376 -9.47700214 0.56986522
        -0.55310444 -9.46503067 0.64888010
        -0.53634376 -9.43869209 0.61056990
        -0.61296424 -9.50094604 0.64409136
        -0.59141473 -9.46024131 0.51479425
        -0.54592132 -9.49136829 0.56507639
        -0.61296424 -9.46024131 0.69676799
        -0.59141473 -9.51770687 0.54831571
        -0.59141473 -9.48897457 0.57225961
