D = [   -0.56028766 0.18436815 -9.38840961
-0.52676620 0.17000180 -9.40277576
-0.58902034 0.15802985 -9.42193126
-0.54113249 0.23704478 -9.37164878
-0.54113249 0.23704478 -9.37164878
-0.56028766 0.20352330 -9.35967731
-0.58902034 0.26098868 -9.41714286
-0.50521664 0.24662234 -9.44587516
-0.50521664 0.24662234 -9.44587516
-0.56268205 0.21070647 -9.32136726
-0.60338668 0.16042424 -9.41235351
-0.56028766 0.23465039 -9.34531116
-0.52437181 0.24901673 -9.34531116
-0.52437181 0.21788964 -9.43390369
-0.59141473 0.24422793 -9.36925506
-0.49803347 0.20352330 -9.43390369
-0.61775302 0.20112891 -9.34531116
-0.55789327 0.19634010 -9.38362121
-0.55789327 0.19634010 -9.38362121
-0.59380912 0.16521303 -9.41953659
-0.57225961 0.17239619 -9.39319896
-0.63930253 0.25859429 -9.31418323
-0.63930253 0.25859429 -9.31418323
-0.63451380 0.26338310 -9.39798736
-0.63451380 0.26338310 -9.39798736
-0.61535863 0.25141115 -9.36207103
-0.57944278 0.17718498 -9.45784759
-0.51479425 0.17957937 -9.41714286
-0.51479425 0.17957937 -9.41714286
-0.61296424 0.24662234 -9.30700016
-0.55789327 0.25141115 -9.37883186
-0.58662600 0.29211578 -9.44348049
-0.50761103 0.20831208 -9.43390369
-0.58662600 0.19155132 -9.37883186
-0.64169697 0.21549525 -9.38122653
-0.57944278 0.22986159 -9.41714286
-0.55549888 0.21070647 -9.37883186
-0.52197737 0.18436815 -9.48897457
-0.56747083 0.24901673 -9.45784759
-0.59380912 0.20112891 -9.36207103
-0.56507639 0.14605789 -9.45066356
-0.56507639 0.17479059 -9.32615566
-0.56507639 0.19873451 -9.44587516
-0.51000542 0.17000180 -9.39319896
-0.51000542 0.20352330 -9.39798736
-0.56507639 0.21788964 -9.34770488
-0.54352688 0.21788964 -9.33333873
-0.59620351 0.16042424 -9.41474819
-0.52676620 0.20831208 -9.37643814
-0.53634376 0.17479059 -9.43150901
-0.59859795 0.19155132 -9.38122653
-0.55071010 0.19394571 -9.36925506
-0.58902034 0.18436815 -9.45545291
-0.59380912 0.17718498 -9.44826984
-0.54113249 0.22267842 -9.37883186
-0.56747083 0.23225598 -9.32615566
-0.55549888 0.25859429 -9.40277576
-0.55549888 0.25859429 -9.40277576
-0.55549888 0.20112891 -9.46742439
-0.49803347 0.26577746 -9.44587516
-0.56986522 0.20831208 -9.37883186
-0.61056990 0.21788964 -9.36207103
-0.57704839 0.21310086 -9.49136829
-0.53634376 0.22986159 -9.34291648
-0.54113249 0.23465039 -9.36207103
-0.53634376 0.19155132 -9.35009956
-0.56507639 0.20831208 -9.31418323
-0.56268205 0.24901673 -9.35009956
-0.62014746 0.24662234 -9.29981708
-0.57225961 0.23225598 -9.33094406
-0.58423156 0.22267842 -9.26150703
-0.59141473 0.20831208 -9.40517044
-0.47169513 0.13648033 -9.38122653
-0.55310444 0.18197376 -9.35967731
-0.53634376 0.20591769 -9.35728263
-0.51000542 0.21070647 -9.34291648
-0.50282230 0.23465039 -9.43869209
-0.57704839 0.21070647 -9.41474819
-0.48127274 0.23225598 -9.39080429
-0.56268205 0.20112891 -9.41953659
-0.53394937 0.23704478 -9.39798736
-0.54352688 0.22028403 -9.38601589
-0.57704839 0.23704478 -9.40756511
-0.56507639 0.18197376 -9.42911434
-0.54592132 0.19873451 -9.35728263
-0.53155493 0.19873451 -9.41474819
-0.50521664 0.26338310 -9.41953659
-0.54352688 0.18676256 -9.34531116
-0.55549888 0.24662234 -9.40995979
-0.60338668 0.21549525 -9.40038204
-0.61535863 0.21549525 -9.29981708
-0.54113249 0.22267842 -9.35249423
-0.60817551 0.20591769 -9.39319896
-0.59380912 0.22028403 -9.30939483
-0.49563908 0.18676256 -9.30939483
-0.54592132 0.23465039 -9.38122653
-0.59380912 0.21310086 -9.38362121
-0.63930253 0.20352330 -9.47939682
-0.58423156 0.17957937 -9.33094406
-0.53873815 0.25380551 -9.36446571
-0.50521664 0.20591769 -9.41235351
-0.50521664 0.20591769 -9.41235351
-0.52437181 0.18436815 -9.43629741
-0.51000542 0.24422793 -9.40277576
-0.56268205 0.21788964 -9.39080429
-0.56028766 0.17718498 -9.42193126
-0.58183717 0.18676256 -9.40995979
-0.56986522 0.16760741 -9.35728263
-0.57465400 0.18436815 -9.37404346
-0.61296424 0.16281864 -9.40517044
-0.61535863 0.23465039 -9.39319896
-0.61535863 0.23465039 -9.39319896
-0.56268205 0.22507281 -9.30460643
-0.60817551 0.18915695 -9.33812713
-0.54113249 0.22746720 -9.34291648
-0.65845770 0.25859429 -9.34052181
-0.57944278 0.19634010 -9.43390369
-0.54113249 0.22746720 -9.43629741
-0.54113249 0.22746720 -9.43629741
-0.58902034 0.21070647 -9.26869010
-0.58902034 0.21070647 -9.26869010
-0.56747083 0.26577746 -9.40517044
-0.58662600 0.25380551 -9.34531116
-0.56268205 0.17718498 -9.36925506
-0.56268205 0.17718498 -9.36925506
-0.60338668 0.21070647 -9.40517044
-0.60338668 0.22746720 -9.43150901
-0.56507639 0.21788964 -9.41235351
-0.55789327 0.24662234 -9.38362121
-0.57944278 0.24662234 -9.35249423
-0.58662600 0.18197376 -9.47700214
-0.63930253 0.23225598 -9.40038204
-0.55549888 0.20112891 -9.36686038
-0.63211941 0.20352330 -9.42911434
-0.54113249 0.21310086 -9.37404346
-0.56986522 0.25141115 -9.39559268
-0.55071010 0.23225598 -9.32855033
-0.59380912 0.23465039 -9.43869209
-0.60099229 0.19394571 -9.39559268
-0.56507639 0.22028403 -9.39798736
-0.52676620 0.20831208 -9.36925506
-0.58902034 0.20831208 -9.43869209
-0.58423156 0.19634010 -9.38840961
-0.59620351 0.22507281 -9.38122653
-0.62972502 0.23943917 -9.43629741
-0.58662600 0.19394571 -9.41714286
-0.51000542 0.22028403 -9.40277576
-0.52197737 0.19634010 -9.31897258
-0.52197737 0.19634010 -9.31897258
-0.61535863 0.18436815 -9.39080429
-0.57225961 0.25619988 -9.44108676
-0.59380912 0.19634010 -9.44348049
-0.58183717 0.27535505 -9.39559268
-0.58183717 0.27535505 -9.39559268
-0.55549888 0.25141115 -9.36925506
-0.61056990 0.19873451 -9.34770488
-0.60099229 0.26577746 -9.40038204
-0.57704839 0.20831208 -9.40517044
-0.59380912 0.21070647 -9.41235351
-0.56747083 0.18676256 -9.37404346
-0.56028766 0.22746720 -9.32615566
-0.63211941 0.26098868 -9.45305824
-0.58423156 0.24422793 -9.46742439
-0.58423156 0.24422793 -9.46742439
-0.49324469 0.24422793 -9.39319896
-0.56747083 0.22267842 -9.35728263
-0.56747083 0.22267842 -9.35728263
-0.61296424 0.20831208 -9.31897258
-0.54831571 0.17718498 -9.34770488
-0.61056990 0.23465039 -9.34531116
-0.61056990 0.23465039 -9.34531116
-0.55789327 0.23704478 -9.41714286
-0.48127274 0.17479059 -9.32136726
-0.51718859 0.21070647 -9.33333873
-0.55071010 0.19873451 -9.33094406
-0.62254185 0.15802985 -9.31657791
-0.62254185 0.15802985 -9.31657791
-0.53155493 0.18676256 -9.33333873
-0.53155493 0.18676256 -9.33333873
-0.58662600 0.22507281 -9.37164878
-0.52676620 0.22746720 -9.36686038
-0.52676620 0.22746720 -9.36686038
-0.64169697 0.22746720 -9.30939483
-0.58662600 0.21788964 -9.46024131
-0.58902034 0.19873451 -9.39559268
-0.51958298 0.28732700 -9.52249622
-0.53394937 0.21788964 -9.38840961
-0.53394937 0.21788964 -9.38840961
-0.54113249 0.13887472 -9.32136726
-0.56986522 0.24183356 -9.40038204
-0.58183717 0.26098868 -9.29023933
-0.53873815 0.26098868 -9.39559268
-0.56268205 0.21788964 -9.38601589
-0.56268205 0.21788964 -9.38601589
-0.52437181 0.24662234 -9.35967731
-0.59620351 0.21788964 -9.37883186
-0.54592132 0.19634010 -9.44826984
-0.59380912 0.27535505 -9.49136829
-0.58902034 0.25619988 -9.42671966
-0.58902034 0.19873451 -9.39080429
-0.61535863 0.19394571 -9.40756511
-0.68000721 0.19155132 -9.38362121
-0.58423156 0.22746720 -9.33812713
-0.51239976 0.21788964 -9.36207103
-0.60578107 0.20591769 -9.36686038
-0.57465400 0.19634010 -9.33573341
-0.55310444 0.17957937 -9.32376098
-0.54592132 0.23465039 -9.58953857
-0.58183717 0.19394571 -9.48418521
-0.58423156 0.23465039 -9.31418323
-0.52437181 0.19873451 -9.46981906
-0.55549888 0.22986159 -9.42193126
-0.58183717 0.19155132 -9.30221176
-0.59620351 0.20352330 -9.35009956
-0.64169697 0.21070647 -9.47221374
-0.55789327 0.21310086 -9.44108676
-0.56507639 0.26098868 -9.30460643
-0.56507639 0.26098868 -9.30460643
-0.62733058 0.23225598 -9.36446571
-0.59620351 0.25380551 -9.37404346
-0.57465400 0.20831208 -9.39798736
-0.62972502 0.24183356 -9.38362121
-0.62972502 0.24183356 -9.38362121
-0.56747083 0.25859429 -9.33812713
-0.54831571 0.19634010 -9.35728263
-0.58423156 0.19873451 -9.35249423
-0.58423156 0.19873451 -9.35249423
-0.57944278 0.23465039 -9.40756511
